"NCAM"	"CD133"	"TUJ1"	"CD15"	"CD49F"	"HLA-DR"	"Nestin"	"CD34"	"PDGFRa"	"CD117"	"CD171"	"SOX2"	"CD44"	"GFAP"	"EGFR"	"S100B"
"13"	0.987922808817227	1.05922265277273	0.688227679253715	-0.218187280023338	0.548712652222758	0.70639328704281	0.51577660211325	0.859241118994425	-0.0536807415645093	0.0898549754893494	0.120593878833546	-1.58166810958469	2.14928406355698	2.49201261156934	1.58315503045712	5.73721347832838
"17"	0.838130339194021	0.476806658769773	0.350364621038245	-0.276728682979524	-0.194023278919109	0.438932481406443	0.264917551849073	0.019189496688226	0.0356064333256792	0.0121764088959604	0.0879090540167127	1.09469973006678	1.44864826918646	3.51905723747173	2.79073220949424	4.53783443707405
"21"	-1.04522118244139	0.454163233975128	-1.54042311538839	-0.336912631758013	0.105525970462131	0.319895281829122	-0.0433037880543519	0.400873202357364	0.0223974515612829	0.0244014590095529	-0.0400289779848011	-2.50558105985866	1.6078025232989	1.61068710548796	1.91583622168192	4.49458099085273
"18"	2.70170817477487	1.39757737919247	0.710902728875823	0.331129651670835	0.600885121549837	0.204764576366558	0.0303825268959089	0.800397959061465	0.00112655070009302	-0.0215467391369271	0.171461013121762	-1.53285414575293	2.1878644240719	-0.769267582810371	4.16755329713333	3.69510153914776
"5"	0.793378841056436	1.34043854775011	1.34049402074655	0.0822864427753294	0.317052456891648	0.440162496944068	0.539572245781946	-0.0930499435903921	-0.0576855621147116	0.190295356744252	0.248405781354263	1.52897677135229	-1.37921141064819	2.10650129541093	-1.93329553147439	6.4139094519801
"9"	0.917907961228366	0.568638094123514	0.694497969582537	-0.223282527259394	-0.475383643695859	0.322852480098944	0.338378095819202	-0.078416513891462	0.0318429788457259	-0.000574258139216028	0.0554777450398714	1.61160344304114	-2.3221741628259	2.85257410283848	-2.26701705670809	5.47170448799557
"16"	1.05814545934594	0.590072112379927	0.863131442585666	-0.138228575339478	-0.155279264775215	0.249885380933713	0.0567556366452557	-0.0775613659565705	0.0173546561439983	-0.0282300435236169	0.2983695931717	0.606075924827679	-0.944517805512149	2.04329846837314	0.977662677641429	5.90238634017692
"12"	0.965249133030703	1.06390615228831	1.59309049259877	-0.337800046901388	-0.505990556356979	-0.791032472739831	0.0986405133719528	-0.0496211951218986	0.000819354976015501	0.104250205418174	0.255472524280982	-1.11725125077636	-3.36234078214345	1.42573249089275	-2.34297035462003	7.07811746718096
"6"	3.23063348233252	2.7398953725848	0.507526948278278	-0.0703563143638946	0.199740213203579	0.583033572209514	0.0502171535062954	0.338346581644444	0.206398197421484	0.0045296212406928	-0.0129668457059449	-2.92287692538246	-1.14583757850094	-0.731303067009925	-2.24433598989157	3.49259392419855
"4"	-1.29966620255343	0.898031517695141	0.856620947483049	-0.318245983084173	-0.330953095542786	0.568989013823973	1.01182826278779	0.16046640479911	-0.0108785367383597	-0.027258305303521	0.0022841618385632	-4.07661528415968	1.37280615445615	1.91325659129631	-2.3444064448364	5.66595674156782
"15"	-1.00490500216257	-0.69629898016462	-0.887281958018751	-0.330340300734815	-0.556207685483498	-0.584915013845148	0.00393728492834925	-0.0822358538891862	0.0398349977056717	0.031026255440753	-0.0501374760229151	-2.59477329987143	-2.24311027965084	-1.14933122333014	-2.4249619775652	4.48183961459746
"20"	-3.1354379784564	-1.17284255482356	-1.67705973965729	-0.314980651877931	-0.539338408900901	-0.911926049621664	-0.0498800629972126	0.0687621147985148	0.0435676019739509	0.0252221723603501	-0.0139015895008265	-4.54243773974269	-2.59119158540037	-1.47013068808696	-1.39987162471218	4.18279532700648
"19"	-2.28203971831211	-1.50808968596162	-0.18029018602194	-0.277433063420274	-0.432377536124393	-0.935909852710707	0.371280701484303	-0.0409628123942751	0.0684999417988802	0.0397475087118443	0.00115772418902304	-2.1556559488013	-3.49398914131156	-1.69902825318552	-2.22158181344725	-1.64900918477196
"23"	-1.16972049410276	-1.18873468627163	0.0655983103392905	-0.28824933109762	-0.476153617845921	-0.746724505032492	-0.0683415332535132	-0.0601653294981219	0.063139844253984	0.0489569072812352	-0.0128813701014292	-1.5130685716976	-2.27427660334136	-0.597758357198672	-2.26098113539548	0.120795687337086
"1"	-1.49237384509953	-1.52847400685815	-0.423579623348428	-0.316240710084571	-0.483870061387653	-0.653378215929517	-0.0949021676446568	0.118187807349288	0.0423563915109242	0.0894042106293023	0.0524810265397623	-1.65944353292168	-1.65626778973026	-1.12432149612435	-2.27780707874945	-1.31281895635145
"2"	0.953076778611964	0.792016838709029	1.42093652727782	0.595439034985944	0.418627834758944	0.667785226127912	-0.0164212550460595	-0.017980893304302	-0.0294208557547066	0.161725597905097	0.0177925247075423	4.26640464898323	-3.54950890327434	-4.27983185206507	-2.3614378788107	6.22327965288882
"7"	0.874614254394351	0.553551950042729	0.946929575899185	1.0656970374953	-0.359361301463847	-0.87051744845584	-0.070258400961061	-0.0687083449158886	-0.0540515892229874	0.0205985443287881	-0.00610745040049064	5.86614007929481	-3.48556411311149	-5.07996854521837	-2.22213302078391	4.5584873807344
"10"	0.655224971721887	-0.76213956707348	0.476103284215049	0.679551768556929	-0.555321576947246	-1.01259784604264	-0.0602237828088659	-0.0365800301614164	-0.00593900070735565	0.00792077640371906	0.000424975616737915	4.18970284430965	-3.57031210089406	-3.89677691399022	-2.35024462863628	4.23522205848745
"3"	0.732326606339434	0.725388698623174	0.865109960225062	-0.344260297180218	0.481611863776049	0.675330465371476	0.0460964131411774	-0.00551817670427756	0.0146162910565111	0.0991895429224903	0.135502586663206	-0.749272530813935	-3.58685498143261	-2.21915539044538	-2.33687583705492	5.16972968885042
"11"	-1.03044707323959	0.680821715495733	0.719222884843732	-0.373086925957279	-0.488821767315841	-0.850124127910481	-0.0887724203626903	-0.0760507268193434	0.0307769358103339	0.0224823285278808	-0.0534691111210953	-0.536675343776215	-3.63411140840259	-2.94143806007509	-2.42080613886992	4.78590426524249
"8"	-1.53273994626805	0.872306274239944	0.829790290080905	0.324621862915725	-0.340623275563976	-0.790153505606018	-0.0388032350859912	-0.0934496322430138	0.000835179223477888	-0.0210542855349755	-0.0363706190569255	3.48542436430538	-3.49552934678672	-2.57584560798788	-2.33403764276072	5.95009241604996
"14"	-1.5590170987873	-1.37286181218454	0.185600002259702	-0.220134471600816	-0.502943948736928	-0.999241582703995	-0.0532631643314366	-0.0681642378031057	0.0410424536600061	0.0227428147926401	-0.0207732058715769	1.66133070675583	-3.56551797522427	-2.39874690779343	-2.35938496514604	3.59625377838801
"35"	0.554264505748633	-0.312643629673966	-1.08854139973203	0.272094755995771	0.162486071017437	-0.07087257702129	0.236739407400208	0.154613133454038	-0.0470666869710839	0.023880237079281	0.111316885416033	0.914290752256418	0.77187034086018	3.42721394633092	1.28996463327852	-4.50874877743163
"22"	2.67279536560228	-1.17397542308571	0.223792468661783	0.408339378761373	0.155661689452739	-0.00418263724342644	-0.0616118926841958	-0.0451206539980527	0.025004165995688	0.0214931010412053	0.360861325143108	0.847205194979728	1.50373236666563	-0.642897964583791	5.06977399626043	-3.95479436587823
"26"	2.56447953371828	-1.27829611264347	0.779161894927185	0.171232302268948	-0.412328490617908	-0.143519647564048	-0.0119403709619525	-0.084567736339577	0.0179263780189891	-0.0034535888361882	0.508823889154255	1.72000115946565	-0.841333661854896	-1.65738496460858	1.13990325956826	-2.9391679299192
"27"	3.2739416237568	-0.691568986564966	0.66180894665253	0.0717739862816423	0.1091237064861	0.634383631132735	0.182383408917735	0.0609838980165239	-0.0203873303499716	0.0167614257320422	0.527593726022345	-0.556961211115048	1.22796156210346	-0.975873521993204	1.64248593064076	-6.30209724612886
"30"	0.833129980011709	-1.23120112578589	-1.5299056095988	-0.284014534428832	-0.468013990566808	-0.335548961746771	-0.0894922896551358	0.0537921660787284	0.0376035383947997	0.0300940301562247	-0.0395385847037757	-0.74055953132842	0.657863682369833	-1.07632020774743	0.948192355300571	-4.05314896683692
"44"	2.56549420288553	0.767787470729397	2.14552723588109	-0.216156992713156	0.772692959446716	0.459526572063538	1.69183778831307	0.277860165003427	0.142888364249334	-0.0131614486714815	0.154614132888177	1.54988070907925	2.29185469338313	3.99722990174935	1.4823212232351	-9.93180375297884
"36"	0.711714160637732	0.509607358296939	-1.76877462363946	0.652379907936747	0.867405775797048	0.121294303798785	0.037413908484732	0.242730681878937	0.0857693878460644	0.202389599426994	-0.00041148130838934	2.57140880185563	3.2559524481886	1.55028439341063	-1.82539464585999	-8.79825877576034
"43"	0.589111588494375	0.685126520240271	1.10418681885593	0.0680919478164054	2.68350000971145	1.0295861580513	0.726082299269792	1.02784939111313	0.0848501930541258	0.140163119519353	0.0223496518601859	-0.542926581619784	5.18628577851893	0.988946436179566	2.82520713819146	-8.82403939099396
"37"	-1.06954359288899	-1.19194577541216	-1.71389538481772	0.0723169599603648	0.504433965192709	0.973787548110097	0.0826649187553867	0.0167333610660338	-0.0111247930937793	0.0402101321634684	0.051360737339895	-1.53325337092132	4.74631740590262	2.33904309108266	2.32835842656708	-9.4582908367428
"39"	0.17177362244268	-0.509515492642811	-0.399900317646884	0.148338714274847	0.776530839903372	0.0862724811959863	0.318228631666781	0.216242668413503	-0.0236785284470474	0.00814699598695816	0.0935655490745275	0.594014092548348	1.45998993240253	1.32159931307906	5.11996400856778	-8.1432991585935
"38"	-1.12277623616074	0.603912931827317	-1.66356257596697	-0.219898688505392	4.91993306245788	-0.0379240020346052	-0.0858498613564184	0.196164294156424	0.00850200281838205	-0.0161495525267471	-0.0510881670932079	-1.59594204060924	0.633979414307346	-0.219431161078713	0.201072437665492	-8.52309825168416
"32"	-3.30134927814894	-1.19062471360759	-1.59998031219056	0.765250890868098	0.759603417350957	0.744524188817956	-0.00946733398467637	-0.0492539341752179	-0.0165684543235573	0.127626323733281	0.156566901417481	2.95663341671346	0.344438460457837	-0.831466326561068	6.88950781095819	-9.94184629589443
"31"	-3.30098904651522	-1.52561152808352	-1.6086831975387	0.137840161307256	0.0747269499246333	-0.488539201010459	-0.0401998761180109	-0.0490345480948774	0.0474410262309593	0.105611052964114	0.0684147007165499	-0.616397499135868	-0.328197029018165	-1.09789816766786	5.48527188271218	-9.96436971219895
"40"	-3.17600209910953	-1.49927585487366	-1.61623060401775	4.8788531112528	-0.450505831081469	-0.948911994866521	-0.0354484325434598	-0.0567239067881397	0.012518012164826	0.0567144628222922	-0.0223350688293417	-1.53669384362659	0.441977572304046	-1.06522838896756	1.082679448764	-9.9007809410042
"42"	-3.23221155611611	-1.43124150154026	-1.6605164974094	0.177340465494452	0.126783259486562	-0.873758104622954	-0.0901492985356961	-0.0996656503758223	-0.00709711704699886	0.0277222247829455	-0.0369232983350501	-1.45263548210353	4.45587915986104	1.25105017985746	-2.35878980685359	-9.95608803223013
"41"	-3.31247952762991	-1.47470636299198	-1.6539520436725	-0.256565173112991	-0.380064016413905	1.09057994435585	-0.0895437503714924	0.0250930609528863	0.00447869926186127	0.0546123865790698	-0.0174213674387594	-2.10814463208251	2.03643461056086	1.77138319091571	-2.309150569147	-9.8653534073107
"34"	-3.07960657421006	-1.47489932026933	-1.71595183776357	-0.179716404970343	0.0417974825328881	-0.414838126876426	-0.0166212822053173	-0.0500735625415856	0.00941532319425874	0.0613153698001675	-0.0487805769326236	-1.32495842432388	0.506309461077976	2.85013567367006	-2.29392273562075	-10
"33"	-3.30365078588586	-1.53979233248989	-1.68297373986075	-0.36404260554586	-0.548471194536826	-0.149303454071671	-0.043915317912255	0.110503175553634	0.0356285658054547	0.0583721969452159	-0.0258425174793344	-4.15923793779021	-1.4987250536385	-1.37771703679688	-2.34703482728068	-9.97661989027614
"28"	-3.20639761282192	-1.44475700925248	-1.63030609086092	-0.274520099708997	-0.442642558908152	-0.905035218304986	0.0116114710937825	0.037937846944841	0.0737810284361402	0.0297042029328892	0.0570113697811892	-5.49897088860723	-3.48018422813661	-5.0836603311846	-2.29119362729639	-9.95548436840165
"29"	-3.24138953514638	-1.49020532434229	-1.75276028772724	0.0881398880357387	-0.47906196063951	-0.810813638907734	-0.0363407904778087	-0.100323912732852	-0.00217836982236484	0.029167197774563	-0.0454535216130007	0.587120105292642	0.569763955679463	-1.45024526619298	-2.40699711928145	-5.8745208621417
"25"	-1.57094008332014	-1.54235034488573	-1.17234064303658	-0.32320021105787	-0.474550569438148	-0.941764652173958	-0.0304564435366413	0.048838377001617	0.0413906328962574	0.0153796269788882	-0.0132471789393231	-3.03415199478194	-3.32159142387741	-3.66269574646914	-2.28432561970973	-6.2146325602127
"24"	-3.28842172532878	-1.47578759712841	-1.65251056841919	-0.356460441006313	-0.457264309637907	-0.926091544222671	-0.00408785663376109	0.0627801371760483	0.0505782436960673	-0.0257384931339205	0.0402353017315664	-2.44891427913045	-3.51231501264011	-5.16778395396454	-2.27254888969746	-5.37850276851751
