"p-IKAROS"	"p-S6"	"p-CREB"	"p-AKT"	"p-PLCg"	"p-STAT5"	"p-4EBP1"	"p-ERK"	"p-Syk"
"44"	2.53244473262568	2.02344127948138	1.01093828926945	0	0.0131383900880767	0.0290462567608718	0.403221128988347	0.137690873671544	0.176270151980339
"46"	2.05117167692034	1.849411403077	0.748441451768554	0.0196994698326156	0.0558231661161701	0.0165104030561154	0.17044182486393	0.189113566446229	0.262470718417596
"43"	2.15806961219785	1.59204365322501	0.908078883906755	0.0517833693516445	0.0561899869950036	0.0474544824806305	0.255898223917386	0.118372597755654	0.204607690308784
"42"	1.93552009328332	0.982765788885912	1.08483262455279	0.0246411703521317	0.0438810415406241	0.0166300975957352	0.165503219360316	0.0848903478842857	0.153206902312014
"2"	2.03665314117557	0.487371114742148	1.40055835451793	0.0351322075728449	0.0737088959511036	0.0113153272562591	0.0774377463203446	0.0550409535225731	0.0818569978821439
"41"	1.78545637296577	0.843559137853322	0.368037720388027	0.0323000510741535	0.069382151725723	0.0504294707833916	0.0305660673599506	0.1722676109665	0.0732134986975251
"36"	1.54594367279912	2.39925793209435	1.57392827364134	0.0360139417808821	0.075037333777376	0.0508119774387374	0.134355818277384	0.0661181688618818	0.0697958967651919
"39"	1.00113930191361	1.02969409505849	1.73673343910403	0.0587714296134479	0.0752084762471214	0.0192960163957195	0.0446201395779589	0.0473146669063665	0.000834023669529097
"45"	2.92433737997863	1.6867414963329	2.18629926812859	0.00584863354465302	0.0245461520266752	0.0997798349640965	0.774682191016388	0.202695053326187	0.119528851493469
"20"	1.19998390906083	0.410527543124772	0.740326619757014	0.0483900800113994	0.069553399988325	0.0392024619846136	0.0572071915685161	0.0186070925554832	0.00553104627778191
"47"	1.88172527349696	0.371291481712789	0.58095341953522	0.0410350483855452	0.0667869010957504	0.0161434816894904	0.108361400368457	0.0259241059988807	0.172428419080608
"29"	2.32052282648447	0.421848656574053	0.318836819578075	0.0686140024405383	0.105120853235918	0.0611236410538134	0.0216098759407205	0.0671028278698545	0.0327643600027799
"34"	1.87855616156549	0.0954621302458462	0.372850056072263	0.0686538667745127	0.0706600914563945	0.0269506349554419	0.0955242793392269	0.062472480576974	0.0190881021679025
"19"	1.58972603101737	0.00690265031821563	0.142180347148969	0.0421347597751388	0.0813983174055993	0.0489431818328341	0.0485074766018352	0.057194980677655	0.370307928464251
"7"	1.01500346178165	0.0689854731883583	0.0451722684667927	0.0777478562213151	0.0827803878378686	0.0893571838555865	0.0971786691322007	0.0714116715112935	0.0676844769978483
"23"	0.220088633999517	2.40848044277103	1.45310980656461	0.661072433702015	0.825019314488237	0.843573760057106	0.999956386668378	1.03702222203783	0.593952676697811
"8"	0.0640569052211513	2.76075642377132	1.34919841516036	1.36885612741161	0.357974005454051	0.401996963669442	0.343121283846829	0.739582365297057	0.628333636956707
"14"	0	3.76955485954215	2.05147828970758	0.598735827149246	0.173110831656339	0.443005427596258	0.90096873315527	1.28635212849758	1.01087591797591
"1"	0.328888569724063	2.41179704660086	2.11953960832487	0.766263644423948	1.37780471876741	1.015681452556	1.31915226148378	1.034050173387	1.60839827556281
"38"	0.780017211373442	0.741335304376757	0.710966054005535	0.0688117028389935	0.0836024717043733	0.0259696557207832	0.134662672152473	0.0118441299754396	0.0401832361428741
"37"	0.386999871923187	0.992798950086014	1.11082833366263	0.0677749149136689	0.0717267286246027	0.0625020098248564	0.0400153517721432	0.0405069700918126	0.00543684217505034
"40"	1.16415682210381	0.523298112988239	0.308886727312079	0.0585433574857555	0.0800156441648504	0.0638521380787007	0.0369997833215968	0.00303940007022908	0.0123545104033719
"32"	0.941064664996819	0.600719006104514	0.205036239203637	0.0748276672948212	0.0782819452198338	0.0748876046058427	0.0540211984916373	0.00619565792289329	0.0416292461991615
"24"	0.632856993580449	0.55504829446554	0.120808165124928	0.0596138478200134	0.0760290010694747	0.0513583693926374	0.0517945600142871	0.0045946365612416	0.0553994714148916
"33"	0.728678937829043	0.379625966254043	0.346118960388048	0.0707220137493464	0.0708934279906853	0.0756028520944193	0.0452013662175018	0.0356546238584481	0.0274265264970353
"15"	0.925795020095001	0.228263650500891	0.184085627498057	0.0733624249977914	0.100405989584217	0.0749178941245967	0.0664871209727315	0.0492869571064313	0.0575378166411258
"10"	0.00298473345161032	1.91634515932267	0.0282526767880533	0.0836668341238034	0.0838281244158985	0.085519526139506	0.0828182639030651	0.0526654966743085	0.0820216810920639
"18"	0.349132888681381	1.43321514425122	0.194743304419185	0.0618205803134373	0.0905313551375198	0.0782347755687696	0.0676204221308635	0.0514504144176233	0.0602962326181806
"3"	0.220408753502852	0.62991257193756	0.11406923230824	0.0533302079856525	0.0687206102103837	0.0557567056403004	0.056056542735405	0.0207538386147415	0.0389152197328846
"30"	0.336452483256473	0.217477861420981	0.151265540948506	0.0660394956601092	0.0815659114045417	0.0661563277155419	0.0651348733203178	0.0498831466645555	0.0480334537971112
"26"	0.253439862358692	0.175388271370926	0.0778245384701955	0.0650885573971262	0.078351712962744	0.0739340442250333	0.0726811669248727	0.052502350247831	0.0575427318457049
"28"	0.59489532796868	0.150433505711	0.325210152131053	0.0436310560849911	0.0625912665491638	0.0494819572663834	0.0455841951151649	0.0368070293961193	0.0134269390288369
"31"	0.549600348865465	0.230953731384835	0.279122110226632	0.0608257098588928	0.0723736461840486	0.0604119171236056	0.0580067006478793	0.0292128436445383	0.0449010325352733
"35"	0.588210961919459	0.112697277324683	0.339399344891799	0.0772961895076061	0.0872609060488895	0.0584044717910519	0.054193454044895	0.0446429275751995	0.0516578965797489
"13"	0.542280982214355	0.0110363746397549	0.147620914150464	0.0660570526422574	0.080934393737156	0.0590415182805248	0.0695903191274048	0.0819653926616633	0.0438768107042083
"12"	0.352975486839047	0.0175457892374825	0.117229477524803	0.0820180491243261	0.0925656480248712	0.0850889243598302	0.0544059590705972	0.0805912548849657	0.0575856237899157
"27"	0.150577040247734	0.112046366054025	0	0.0619536608358461	0.0715952166143854	0.0652952856993843	0.0705670213402499	0.0353327276291587	0.0568755783602689
"9"	0.00503637066984391	0.0306605060830222	0.0221387517827272	0.0858662063403638	0.0910338542209729	0.0841870628443628	0.078810211511386	0.0806813425497693	0.084722622960449
"22"	0.072359712282092	0	0.0120904600611639	0.0595417706344473	0.0686088423782605	0.0624797798426716	0.0693151773995667	0.054468109108976	0.0645156161312667
"16"	0.0243356898015377	0.0170338514343491	0.0392484294812994	0.0786107612227849	0.0789501038017397	0.0733013039169138	0.0789776684150355	0.0710574462301756	0.0738044835868423
"21"	0	0.0108337805070253	0.0123125583172698	0.0731084811939492	0.0794891861554535	0.0763031321940825	0.0739000284138537	0.0571651226819157	0.07692898092121
"6"	0.0155731343671017	0.0125971815140065	0.0346664220753866	0.0774565464047701	0.0795895410269014	0.0729269625497457	0.0687217459762192	0.073488197316116	0.0793676367969667
"25"	0.0214545137083586	0.013256952772288	0.0253851894785073	0.0754223566652176	0.0836187583971851	0.0862728956566858	0.0743832764405429	0.0628253626465318	0.0714163267559259
"17"	0.0365544145062187	0.0380300777944245	0.0371447866111764	0.0727983695272613	0.0825577520725193	0.078356119380625	0.0793633143294719	0.0766074630379052	0.0723410186667619
"4"	0.00885148187394211	0.0208432542896908	0.0470189485819552	0.0789785002843055	0.0867912902491576	0.0668172646696474	0.0834178586835526	0.0843775233768422	0.0747458147481971
"5"	0.0636304211595133	0.0597699422219421	0.0651959629836655	0.0788644593563732	0.0856183986741627	0.077562369339362	0.084008059775127	0.0782545988879946	0.0808101752914596
"11"	0.0497428326151818	0.0462728530387481	0.0547247268694372	0.0770359438355477	0.0793256612794016	0.0816668586940731	0.0842835333950831	0.0774252257400774	0.0813267188796764
